cagr: 16.810647202843512
vol: 0.10543339960934163
sharpe: 27.522745961797217
max_drawdown: 0.0
