cagr: -6.994405055138486e-15
vol: 0.19156190884407912
sharpe: 0.09640882523046686
max_drawdown: -0.019607843137254943
