cagr: -0.2034552683513331
vol: 0.3333145559270809
sharpe: -0.5105762825569233
max_drawdown: -0.05760377358490576
