cagr: 5.883823198662759
vol: 0.07056609777390245
sharpe: 27.478586264368623
max_drawdown: 0.0
