cagr: -0.02320725819435554
vol: 0.3055150411641803
sharpe: 0.07541640790566755
max_drawdown: -0.08199191559019714
