cagr: 0.2620977398114457
vol: 0.353081222110747
sharpe: 0.8407759872470028
max_drawdown: -0.05760377358490565
