cagr: 5.923880939788684
vol: 0.23057626225541827
sharpe: 8.54069089987794
max_drawdown: -0.028301886792452824
