cagr: 0.02952284043703024
vol: 0.3518293537259216
sharpe: 0.26443995110196233
max_drawdown: -0.05760377358490565
