cagr: 0.40769410492882274
vol: 0.3574653998146002
sharpe: 1.141474775760537
max_drawdown: -0.05660377358490565
