cagr: -0.5527645355600805
vol: 0.3051839808149837
sharpe: -2.4787292223712702
max_drawdown: -0.051510364017117616
