cagr: -0.3293366309872324
vol: 0.17585972055009827
sharpe: -2.1811253726654742
max_drawdown: -0.05933432213462686
