cagr: 0.03348898586498317
vol: 0.235407245612327
sharpe: 0.26505643800668505
max_drawdown: -0.014657348087749766
