cagr: 22.58170764004711
vol: 0.08986022384327984
sharpe: 35.4371106085864
max_drawdown: 0.0
