cagr: -0.381536045522494
vol: 0.2185110486052953
sharpe: -2.0871618914430985
max_drawdown: -0.1207757362165156
