cagr: -0.08558982632408652
vol: 0.35246004672234044
sharpe: -0.07766877062060738
max_drawdown: -0.13583100565954465
