cagr: 7.270688585120899
vol: 0.06028674198226273
sharpe: 35.22182053424172
max_drawdown: 0.0
