cagr: 2.2738422523025643
vol: 0.23322207042299836
sharpe: 5.214529342847282
max_drawdown: -0.028301886792452824
