cagr: 0.20747304043113468
vol: 0.15842102285519963
sharpe: 1.2692500084767888
max_drawdown: -0.035954652570082346
