cagr: 0.8301619015020321
vol: 0.3731668400166137
sharpe: 1.8137829102064869
max_drawdown: -0.05760377358490565
