cagr: 0.3336948847073835
vol: 0.3363305347031023
sharpe: 1.0235074370540003
max_drawdown: -0.0901709626855236
