cagr: 0.15798245815554668
vol: 0.26989074726480755
sharpe: 0.6786346590251375
max_drawdown: -0.08421448299760392
