cagr: -0.201846171468531
vol: 0.3897393849529894
sharpe: -0.3785077819972282
max_drawdown: -0.07547169811320753
