cagr: 7.6220111047309
vol: 0.06104238831956294
sharpe: 35.47385458375693
max_drawdown: 0.0
