cagr: -0.33654858747745586
vol: 0.31335706281170334
sharpe: -1.1511984947921525
max_drawdown: -0.14882503083696164
