cagr: 2.6422113778378735
vol: 0.14595872894071718
sharpe: 8.952068827503755
max_drawdown: -0.019607843137254943
