cagr: 0.03348898586498317
vol: 0.16646676074808434
sharpe: 0.281120112478151
max_drawdown: -0.014657348087749877
